244626
220478
24148
17217
agent
1712
288
2000
agent
2907
240
3147
agent
3408
754
4162
agent
3909
28
3937
agent
4925
1387
6312
agent
5863
1062
6925
agent
6963
989
7952
agent
7004
1186
8190
agent
7996
417
8413
agent
9037
1089
10126
agent
10204
25
10229
agent
10276
55
10331
agent
11443
22
11465
agent
11515
22
11537
agent
11587
55
11642
agent
12754
2021
14775
agent
13787
3324
17111
agent
13934
433
14367
agent
14435
56
14491
agent
14576
35
14611
agent
15676
1260
16936
agent
16783
1967
18750
summarize
9784
7433
17217